measure,
measure,

measure,
measure,

measure,
measure,

measure,
measure,

measure,
measure,

measure,
measure,

measure,
measure,

0,0,0,0,0,0,7,0,0,0,0,0,
6,0,0,0,0,0,5,0,0,0,0,0,

4,0,0,0,0,0,0,0,0,0,0,0,
measure,

measure,
measure,

measure,
measure,

measure,
measure,

measure,
measure,

measure,
measure,

measure,
0,0,0,0,0,0,8,0,9,0,10,0,

11,0,0,0,0,0,0,0,0,0,0,0,
0,0,0,0,0,0,5,0,0,0,0,0,

4,0,0,0,0,0,3,0,0,0,0,0,
2,2,2,2,2,2,2,2,2,2,2,2,

2,2,2,2,2,2,2,2,2,2,2,2,
2,2,2,2,2,2,2,2,2,2,2,2,

5,5,5,5,5,5,5,5,5,5,5,5,
4,4,4,4,4,4,4,4,4,4,4,4,

4,4,4,4,4,4,4,4,4,4,4,4,
4,0,0,0,8,0,0,0,7,0,0,0,

6,0,0,0,5,0,0,0,4,0,0,0,
5,5,5,5,5,5,5,5,5,5,5,5,

5,5,5,5,5,5,5,5,5,5,5,5,
5,5,5,5,5,5,5,5,5,5,5,5,
7,7,7,7,7,7,7,7,7,7,7,7,
8,0,0,0,0,0,8,0,0,0,7,0,

8,0,0,0,9,0,8,0,0,0,0,0,
0,0,0,0,0,0,7,0,0,0,0,0,

6,0,0,0,0,0,5,0,0,0,0,0,
4,0,0,0,0,0,0,0,0,0,0,0,

measure,
measure,

measure,
0,0,0,0,0,0,6,0,0,0,0,0,

5,0,0,0,6,0,0,0,0,0,5,0,
6,0,0,0,6,0,5,0,0,0,6,0,

measure,
0,0,0,0,0,0,8,0,0,0,0,0,

7,0,0,0,8,0,0,0,0,0,7,0,
8,0,0,0,8,0,7,0,0,0,8,0,

0,0,0,0,6,0,5,0,0,0,8,0,
0,0,0,0,6,0,5,0,0,0,6,0,

7,0,0,0,7,0,0,0,0,0,8,0,
0,0,0,0,0,0,7,0,0,0,0,0,

6,0,0,0,0,0,5,0,0,0,0,0,
measure,

measure,
measure,

measure,
0,0,0,0,0,0,6,0,0,0,0,0,

5,0,0,0,6,0,0,0,0,0,5,0,
6,0,0,0,6,0,5,0,0,0,6,0,

measure,
0,0,0,0,0,0,10,0,0,0,0,0,

9,0,0,0,10,0,0,0,0,0,9,0,
10,0,0,0,10,0,9,0,0,0,10,0,

0,0,0,0,8,0,7,0,0,0,10,0,
0,0,0,0,8,0,7,0,0,0,6,0,

7,0,0,0,7,0,0,0,0,0,6,0,
0,0,0,0,0,0,1,0,2,0,3,0,

4,0,0,0,0,0,0,0,0,0,0,0,
4,0,0,0,0,0,0,0,0,0,0,0,

measure,

measure,
3,0,0,0,0,0,0,0,0,0,0,0,

2,0,0,0,0,0,0,0,0,0,0,0,
measure,

measure,
3,0,0,0,0,0,0,0,0,0,0,0,

5,0,0,0,0,0,0,0,0,0,0,0,
measure,

measure,
5,0,0,0,0,0,0,0,0,0,0,0,

10,0,0,0,0,0,0,0,0,0,0,0,
measure,

1,0,0,0,0,0,0,0,0,0,0,0,
measure,

4,4,4,4,4,4,4,4,4,4,4,4,
4,4,4,4,4,4,4,4,4,4,4,4,

4,4,4,4,4,4,4,4,4,4,4,4,
3,3,3,3,3,3,3,3,3,3,3,3,

2,2,2,2,2,2,2,2,2,2,2,2,
2,2,2,2,2,2,2,2,2,2,2,2,

2,2,2,2,2,2,2,2,2,2,2,2,
3,3,3,3,3,3,3,3,3,3,3,3,

5,5,5,5,5,5,5,5,5,5,5,5,
5,5,5,5,5,5,5,5,5,5,5,5,

5,5,5,5,5,5,5,5,5,5,5,5,
5,5,5,5,5,5,5,5,5,5,5,5,

8,0,0,0,0,0,0,0,0,0,0,0,
measure,

1,0,0,0,0,0,0,0,0,0,0,0,

measure