1,0,0,2,0,0,
1,0,0,2,0,0,

1,0,0,2,0,0,
1,0,0,2,0,0,

1,0,0,2,0,0,
1,0,0,2,0,0,

1,0,0,2,0,0,
1,0,0,2,0,0,

1,0,0,2,0,0,
1,0,0,2,0,0,

1,0,0,2,0,0,
1,0,0,2,0,2,

2,0,0,0,0,0,
measure,

measure,
measure,

1,0,0,2,0,0,
1,0,0,2,0,0,

1,0,0,2,0,0,
1,0,0,2,0,0,

1,0,0,2,0,0,
1,0,0,2,0,0,

1,0,0,2,0,0,
1,0,0,2,0,0,

1,0,0,2,0,0,
1,0,0,2,0,0,

1,0,0,2,0,0,
1,0,0,2,0,0,

1,0,0,2,0,0,
1,0,0,2,0,0,

2,2,2,2,2,2,
2,0,0,0,0,0,

measure,
1,0,0,2,0,0,

1,0,0,2,0,0,
1,0,0,2,0,0,

1,0,0,2,0,0,
1,0,0,2,0,0,

1,0,0,2,0,0,
1,0,2,0,2,0,

2,0,2,0,2,0,
1,0,0,2,0,0,

1,0,0,2,0,0,
1,0,0,2,0,0,

1,0,0,2,0,0,
1,0,0,0,0,0,

measure,
measure,

measure,
1,0,0,2,0,0,

1,0,0,2,0,0,
1,0,0,2,0,0,

1,0,0,2,0,0,
1,0,0,2,0,0,

1,0,0,2,0,0,
1,0,0,2,0,0,

1,0,0,2,0,0,
1,0,0,2,0,0,

1,0,0,2,0,0,
1,0,0,2,0,0,

1,0,0,2,0,2,
2,0,0,0,0,0,

measure,
0,0,0,2,0,0,

2,0,0,2,0,0,
1,0,0,2,0,0,

1,0,0,2,0,0,
1,0,0,2,0,0,

1,0,0,2,0,0,
1,0,0,2,0,0,

1,0,0,2,0,0,
1,0,0,2,0,0,

1,0,0,2,0,0,
1,0,0,2,0,0,

1,0,0,2,0,0,
1,0,0,2,0,0,

1,0,0,2,0,0,
1,0,0,2,0,0,

1,0,0,2,0,0,
1,0,0,2,0,0,

1,0,0,0,0,0,
measure,

measure,
measure,

measure,
measure,

measure,
measure,

measure,
measure,

measure,
measure,

measure,
measure,

measure,
measure,

measure,
measure,

measure,
measure,

measure,
measure,

measure,
measure,

measure,
measure,

measure,
measure,

measure,
measure,

measure,
measure,

0,0,2,2,0,2