1,0,1,1,0,1,
1,0,1,1,0,1,

1,0,1,1,0,1,
1,0,1,1,0,1,

1,0,1,1,0,1,
1,0,1,1,0,1,

1,0,1,1,0,1,
1,0,1,1,0,1,

1,0,1,1,0,1,
1,0,1,1,0,1,

1,0,1,1,0,1,
1,0,1,1,0,1,

1,0,0,0,0,0,
measure,

measure,
measure,

1,0,1,1,0,1,
1,0,1,1,0,1,

1,0,1,1,0,1,
1,0,1,1,0,1,

1,0,1,1,0,1,
1,0,1,1,0,1,

1,0,1,1,0,1,
1,0,1,1,0,1,

1,0,1,1,0,1,
1,0,1,1,0,1,

1,0,1,1,0,1,
1,0,1,1,0,1,

1,0,1,1,0,1,
1,0,1,1,0,1,

1,0,1,1,0,1,
1,0,0,0,0,0,

measure,
1,0,1,1,0,1,

1,0,1,1,0,1,
1,0,1,1,0,1,

1,0,1,1,0,1,
1,0,1,1,0,1,

1,0,1,1,0,1,
1,0,0,0,0,0,

measure,
1,0,1,1,0,1,

1,0,1,1,0,1,
1,0,1,1,0,1,

1,0,1,1,0,1,
1,0,0,0,0,0,

measure,
measure,

measure,
1,0,1,1,0,1,

1,0,1,1,0,1,
1,0,1,1,0,1,

1,0,1,1,0,1,
1,0,1,1,0,1,

1,0,1,1,0,1,
1,0,1,1,0,1,

1,0,1,1,0,1,
1,0,1,1,0,1,

1,0,1,1,0,1,
1,0,1,1,0,1,

1,0,1,1,0,1,
1,0,1,1,0,1,

1,0,1,1,0,1,
1,0,1,1,0,1,

1,0,1,1,0,1,
1,0,1,1,0,1,

1,0,1,1,0,1,
1,0,1,1,0,1,

1,0,1,1,0,1,
1,0,1,1,0,1,

1,0,1,1,0,1,

1,0,1,1,0,1,
1,0,1,1,0,1,

1,0,1,1,0,1,
1,0,1,1,0,1,

1,0,1,1,0,1,
1,0,1,1,0,1,

1,0,1,1,0,1,
1,0,1,1,0,1,

1,0,1,1,0,1,
1,0,0,0,0,0,

measure,
measure,

measure,
measure,

measure,
measure,

measure,
measure,

measure,
measure,

measure,
measure,

measure,
measure,

measure,
measure,

1,0,1,1,0,1,
1,0,1,1,0,1,

1,0,1,1,0,1,
1,0,1,1,0,1,

1,0,1,1,0,1,
1,0,1,1,0,1,

1,0,1,1,0,1,
1,0,1,1,0,1,

1,0,1,1,0,1,
1,0,1,1,0,1,

1,0,1,1,0,1,
1,0,1,1,0,1,

1,0,1,1,0,1,
1,0,1,1,0,1,
1,0,1,1,0,1,

1,0,1,1,0,1
